3909242732
10710
578
1138
2426
10190120364
216
8160678804
4188
806
11889066156
96
106
6786486488
3770852772
2941100386
128
7268302022
5460
13975482270
11185895954
298
72
530
108
10255456100
336
28388120552
10309970532
72
21375949868
1394
11682529582
718
958
2609783570
4290574238
6862024722
596
6400633114
256
4438013102
1192
104
21408399296
2418
2753031172
74
5676
3094079206
204
5390
6362899710
5498
15225140002
74
8153333550
3638
2419230862
70
488
3753841318
1970
5502
6234350048
108
52858543932
336
2406879692
4255859750
368
8414868904
3247520350
4364
4694258930
596
3877744420
3385686854
394
3168
856
9110434154
184
2777888572
10196582332
9360611440
96765020182
4523622374
64
290
72
3417238750
4571946618
1952
4235552480
2999909886
4900479848
862
2554153122
13905675966
