1699.6525821596244
950.2275449101796
1031.4206695778748
80851.06382978722
840.3898305084746
16.035127223598288
84444.44444444444
2.2160641394675644
2400.688
774.2718894009216
16.95990566037736
4.887689919324052
6.57779351640215
3647.369294605809
5.957334215313379
1.6316899206931645
10.622273249138921
13.823731288791528
3.4941934313191796
1.0797529169526423
6.364720998531571
2119.0757575757575
3495.035532994924
237500
16.666911764705883
1059.128205128205
886.2459605026929
1260.9240780911061
11.036565977742448
1.8926183892758393
1026.675282714055
4.40497451050427
985.2162400706089
19.580786026200872
1.9576797596446278
1.1394413697682464
8.877220768489188
190000
905.4018691588785
4.874803099993699
0.3630101377696907
836.0923824959482
695.4471605866867
8.612469927826783
797.2919254658384
1872.8810572687225
2114.693379790941
1.5722757598220902
7.372186063175494
77551.02040816327
